[weather]
zip_code=98236
lat=47.941409
long=-122.440749
tide_station=9444900
datum=MLLW