[openweathermap]
api=30702a1d85e4575b9742d978ea8733c3
zip_code=98236
lat=47.941409
long=-122.440749
tide_station=9444900
datum=MLLW